2 0.00046882000000323385 0.0019427999999948042
5 0.0004714199999966695 0.0025745000000028996
10 0.0007202800000129627 0.008765399999998636
12 0.00044127999999545866 0.005897099999998545
15 0.00043428000000176323 0.006672820000000001
20 0.0005114199999923131 0.008552899999995135
30 0.0007730399999957172 0.014597980000002054
40 0.0015444399999921643 0.023319820000006077
45 0.0016288200000076358 0.02940016000000014
50 0.001829760000009628 0.031405220000004876
55 0.0022086000000001603 0.036412680000006505
60 0.0026391599999953997 0.040460260000003245
75 0.0037641199999995933 0.06955515999999876
100 0.004931599999997616 0.05650630000000092
125 0.007730399999991278 0.0748108000000002
150 0.010263659999998254 0.0880500999999981
200 0.018350199999997586 0.11714946000000737
250 0.028457140000000436 0.15033218000000376
300 0.04161194000000137 0.17531821999999692
350 0.056298179999998865 0.18680780000000255
500 0.12136788000000251 0.25421489999999947
600 0.17832200000000853 0.27820617999999514
800 0.2593991999999957 0.428396680000003
1000 0.3213071999999954 0.5059966799999984
2000 1.2542556199999921 1.271971480000002
3000 2.787291800000014 2.513105559999997
5000 7.713664000000017 6.810031160000017
8000 19.90239589999992 19.686902200000123
