2 3.4299999992981614e-05 0.00012326000000371096
5 4.3440000007421985e-05 9.099999999762076e-05
10 0.00010582000001022607 0.00012941999999043218
12 7.90800000117997e-05 8.501999999452892e-05
15 8.523999999852095e-05 7.938000000535794e-05
20 0.00014216000000146777 0.00013578000000507017
30 0.0002759000000025935 0.00015195999999946254
40 0.0007486199999959808 0.0005149599999981546
45 0.0009093799999959629 0.0003668200000049637
50 0.0011847200000090652 0.0005849999999952615
55 0.0013705000000015844 0.0004998599999964881
60 0.0016281000000049062 0.0005424399999981233
75 0.0030528200000048853 0.0008888999999953739
100 0.004186060000006364 0.000943979999988187
125 0.007399220000002061 0.0014417799999932868
150 0.009495619999995597 0.0017293199999983244
200 0.011684179999997468 0.002949919999997519
250 0.01975352000000612 0.0052805400000011105
300 0.023770900000005212 0.008904999999992924
350 0.03566561999999749 0.013297040000003335
500 0.0905357800000047 0.03559588000000531
600 0.10710374000000229 0.05922431999999844
800 0.18683430000000384 0.14351497999999765
1000 0.2786317600000018 0.25455136000000494
2000 1.1937768000000062 1.5648136600000044
3000 2.581012039999996 5.130845640000018
5000 7.204054139999994 23.076578180000002
8000 18.652556359999927 93.05810808000001
