2 0.0011131799999986925 0.000345500000003085
5 0.0010483399999941412 0.00021646000000146158
10 0.0012639600000056816 0.0003394199999945613
12 0.0009948599999972884 0.00023522000000184562
15 0.0009025000000008277 0.00021890000000439612
20 0.0011600200000032145 0.00024252000000046792
30 0.001327099999997472 0.00027884000000426566
40 0.002499619999997549 0.0003166799999974046
45 0.003165680000000748 0.00035991999999396285
50 0.0038020799999969766 0.0003726400000061858
55 0.004037279999994326 0.0003810199999975339
60 0.004923000000002275 0.00042868000000453323
75 0.007317939999995815 0.00048450000000457296
100 0.010388840000007348 0.00036449999999490503
125 0.015348360000007232 0.00041555999999332016
150 0.02045487999999409 0.00036816000000499115
200 0.03252583999999388 0.0006497000000081244
250 0.04109077999999613 0.0005256399999950645
300 0.06362375999999585 0.0006935400000031677
350 0.08227296000000024 0.0008222199999920576
500 0.17694188000000394 0.0008840199999895048
600 0.23029042000000005 0.0008084800000062841
800 0.3967958199999998 0.00121939999999654
1000 0.5950939600000084 0.001816559999991796
2000 2.464069859999995 0.005852520000001959
3000 5.471122919999982 0.012721000000010464
5000 15.357751380000014 0.029946919999974852
8000 41.17283812000001 0.09600500000005922
