2 9.365999999317864e-05 0.023923659999991288
5 6.376000000614112e-05 2.832000000125845e-05
10 0.0002031399999907535 5.153999999834014e-05
12 0.00017963999999892621 3.501999999571126e-05
15 0.00016990000000873806 3.825999999662599e-05
20 0.00035080000000107245 0.0015910799999971914
30 0.0005262800000025436 7.980000000316068e-05
40 0.0013257800000019415 0.0002151999999966847
45 0.001989999999995007 0.00011434000001031563
50 0.0027112199999976385 0.0001220999999986816
55 0.0027253399999949577 0.00013605999999981576
60 0.004070680000006632 0.0001373199999989083
75 0.0050192799999933865 0.00034403999999881306
100 0.00859758000000852 0.0003558999999938806
125 0.014467539999992595 0.0005919600000027003
150 0.019760560000003126 0.0010478599999942163
200 0.0330813199999966 0.002356480000008787
250 0.03989991999999347 0.0031538000000011835
300 0.0468235199999981 0.0062646799999924955
350 0.0582391399999949 0.01198803999999427
500 0.15065543999999703 0.024102700000003096
600 0.19289185999999744 0.04461848000000259
800 0.37671494000000505 0.0991043799999943
1000 0.5534599399999933 0.17791782000000467
2000 2.317310260000005 1.414752180000005
3000 5.1386350000000105 4.919241819999991
5000 14.69262941999997 23.092104320000022
8000 37.8460394199999 90.39828510000011
