2 0.000489679999998316 0.00021568000000229403
5 0.0005904200000031778 0.0001952999999957683
10 0.0007735599999989518 0.00027992000000267583
12 0.000494539999999688 0.00018007999998985723
15 0.0004242399999952795 0.00018372000000113075
20 0.0005402600000024904 0.00018451999999911096
30 0.0006713399999910052 0.00019444000000703454
40 0.001373239999998077 0.00028781999999978326
45 0.0016933799999890198 0.00027990000000386315
50 0.0018484999999941465 0.00029485999999678825
55 0.002171600000008311 0.00031895999999846935
60 0.003094439999995302 0.0003190400000050886
75 0.003378760000003922 0.00033063999999853876
100 0.005456560000004629 0.0003587600000059865
125 0.008467019999994819 0.0003530999999952655
150 0.010124999999999319 0.0003917799999953786
200 0.011615359999996144 0.00040708000000222455
250 0.017600100000004205 0.0005166199999962374
300 0.026300439999994298 0.0005571400000064841
350 0.0359814799999981 0.0006464800000003379
500 0.07625398000000132 0.0009627999999963777
600 0.10946025999999734 0.0009267399999941972
800 0.18823511999999026 0.0013106199999981527
1000 0.31481341999999585 0.0013867199999992863
2000 1.2429840800000023 0.0021520999999950162
3000 2.8502616799999942 0.003790400000002592
5000 7.773720340000034 0.006640699999979916
8000 20.04558296 0.0098804399999608
