2 4.8360000005232e-05 0.011871339999993324
5 4.366000001141401e-05 0.000215480000002799
10 0.00010951999999520012 0.08081557999999518
12 8.510000000114815e-05 0.00025956000000064704
15 9.860000000116997e-05 0.00015302000000474436
20 0.00015923999999927218 0.00029878000000280733
30 0.0003476200000136487 0.00023913999999649604
40 0.0006794400000046608 0.0003352599999914219
45 0.0009915199999966263 0.0003758000000004813
50 0.0013061400000026423 0.0004193000000043412
55 0.0013660200000003898 0.00042055999999206505
60 0.0018712399999969876 0.0005759000000011838
75 0.0026624800000035974 0.000613340000001017
100 0.004083419999989246 0.0007017600000040147
125 0.006803660000008449 0.0010965799999951287
150 0.009115560000003598 0.0013137599999936355
200 0.013408200000003489 0.001722499999999627
250 0.01702999999999406 0.002219100000002072
300 0.02662679999999682 0.0034494400000028235
350 0.03600380000000314 0.006692099999997936
500 0.067715400000003 0.01441583999999807
600 0.08599663999999621 0.028077540000003863
800 0.16764028000000622 0.05930803999999625
1000 0.2749088800000038 0.10625265999999556
2000 1.158442059999993 0.6751049599999988
3000 2.538903419999997 2.0695719800000005
5000 7.29198600000002 9.018305380000005
8000 18.827650059999996 34.60049237999997
