2 8.281999871542211e-05
5 0.000293269999747281
10 0.0003399000001081731
12 0.00020308999919507186
15 0.0005355600002076244
20 0.005018209999616374
30 0.001192210000954219
40 0.003003990000433987
45 0.0008918799998355098
50 0.0016213400005653967
55 0.0011539200000697746
60 0.00401942999997118
75 0.0021682600003259723
100 0.00600464000053762
125 0.006550489999790443
150 0.015378469999996014
200 0.02053985000020475
250 0.017526270000234944
300 0.037936509999781265
350 0.056417339999097746
500 0.14655802000015683
600 0.24031898000030197
800 0.5679534000002604
1000 0.9804811999998492
2000 7.378703070000119
3000 23.610083170000145
5000 101.78262885999939
