2 8.381999978155364e-05
5 0.000327820000165957
10 0.00014179000063450076
12 0.00012787000014213845
15 0.0001779400001396425
20 0.0004182999997283332
30 0.0003304200006823521
40 0.0007566500007669674
45 0.0003317799993965309
50 0.0003555100003723055
55 0.0009842099996603792
60 0.0008698100002220599
75 0.0008378699993045302
100 0.0009513899996818509
125 0.001195949999964796
150 0.0028086700000130803
200 0.004781790000561159
250 0.008902579999630688
300 0.011932549998891772
350 0.019403760000568582
500 0.04681200999984867
600 0.06613579999975627
800 0.16438445999956458
1000 0.28183205999994243
2000 2.278879390000293
3000 6.4131543299998155
5000 29.744785570000385
