2 9.601999997812526e-05
5 0.00011178999998264771
10 9.118999998918298e-05
12 0.0001310500000272441
15 0.00013131999999131948
20 0.0001739900000529815
30 0.0001512899999625006
40 0.0002022900000156369
45 0.00019833999997445061
50 0.0004926699999941775
55 0.00043167999999695896
60 0.0004759399999784364
75 0.0006859099999473983
100 0.0007555500000535175
125 0.0008893500000112908
150 0.0010796699999673365
200 0.0020593100000041884
250 0.0032823000000462344
300 0.004199409999955606
350 0.0060657400000081905
500 0.017143310000074054
600 0.029560139999989587
800 0.05327912000004744
1000 0.10169195999999374
2000 0.6688354099999743
3000 2.233536309999954
5000 9.316586959999995
