2 7.221999994726503e-05
5 7.221999997000239e-05
10 7.374000003892433e-05
12 8.88900000063586e-05
15 8.686000005582173e-05
20 8.642000000236294e-05
30 0.00010802999995576101
40 0.00013946999999916442
45 0.00016144999999596622
50 0.00027903000000151224
55 0.0003576200000225072
60 0.0003099299999576033
75 0.0005426000000852583
100 0.0006504799999902389
125 0.0007429299999785144
150 0.0007872300000144605
200 0.0014730000001009103
250 0.0023596400000315044
300 0.002872199999978875
350 0.003496830000017326
500 0.012412169999993238
600 0.020830029999979162
800 0.030183940000006258
1000 0.06731771000002026
2000 0.3767583800000239
3000 1.3378233600000384
5000 5.440182250000089
