2 5.253000001630426e-05
5 4.8999999967236364e-05
10 6.233999993128236e-05
12 7.401000000299973e-05
15 7.732999997642765e-05
20 0.00011547999997674196
30 0.0001298500000302738
40 0.00018589999997402628
45 0.00020136000005095412
50 0.00040440000002490707
55 0.00042905999998765765
60 0.000562229999968622
75 0.0007911400000011782
100 0.0010567600000513267
125 0.0014976200000091922
150 0.0016925000000355794
200 0.004124650000017027
250 0.006535650000023452
300 0.01078285000012329
350 0.02015739999997095
500 0.06140560000003461
600 0.11680850000002466
800 0.16092641999998705
1000 0.3153689899999563
2000 2.0884844799999653
3000 7.176380729999982
5000 33.118455399999995
