2 6.523000001834589e-05
5 6.511999999929685e-05
10 6.734999999480351e-05
12 7.523999997829378e-05
15 8.111000004191737e-05
20 7.679999998799758e-05
30 9.77400000238049e-05
40 0.0001260500000171305
45 0.00013539999999920838
50 0.0006734900000310518
55 0.00041297999998732846
60 0.00028799999997772827
75 0.0005318099999612969
100 0.0006215000000111103
125 0.000724339999987933
150 0.0007633099999793558
200 0.0015608100000235937
250 0.0028085499999860987
300 0.0028721199999836244
350 0.004099749999954838
500 0.011656529999982013
600 0.022080989999994926
800 0.03132694000005358
1000 0.060529430000019604
2000 0.37882743000004665
3000 1.388115050000033
5000 5.620680820000052
