2 9.498999995685153e-05
5 9.243999998034269e-05
10 9.585000002516608e-05
12 0.0001122099999747661
15 0.00010962999997445876
20 0.00012469000000692176
30 0.00016476999994665675
40 0.00018737000000328407
45 0.00020638000003145863
50 0.00038885999997546606
55 0.000412640000013198
60 0.0004986799999869618
75 0.0006483200000047873
100 0.000854090000029828
125 0.0010356500000170854
150 0.0012241299999686817
200 0.0022543900000528082
250 0.0039793100000224515
300 0.0040129999999635405
350 0.005630790000009256
500 0.01812636000004204
600 0.024236840000003212
800 0.04703575999994882
1000 0.09022085999999944
2000 0.5241550599999301
3000 1.4623261100000036
5000 5.898297900000034
