2 3.508999996029161e-05
5 2.915000000029977e-05
10 3.363000002991612e-05
12 3.7729999939983826e-05
15 3.662999997686711e-05
20 5.7870000046023054e-05
30 6.866000003356021e-05
40 9.019000003718247e-05
45 9.963999996216444e-05
50 0.00022742000001017005
55 0.00035887999999886235
60 0.0002699200000279234
75 0.00040037999995092834
100 0.0005110300000069401
125 0.0007432299999436509
150 0.0007891999999856125
200 0.0015391800000088551
250 0.003195600000003651
300 0.0029663100000561827
350 0.00605300999998235
500 0.017949250000015127
600 0.022596169999974335
800 0.0472199099999898
1000 0.09925238999999238
2000 0.5736959399999932
3000 2.104136429999971
5000 9.00060011000005
